chair 0.9504 3 416 70 499
chair 0.8672 8 346 71 494
chair 0.5259 145 352 214 500
chair 0.3011 320 243 373 452
chair 0.2866 341 197 373 355
chair 0.0646 322 166 370 338
chair 0.0616 166 265 230 399
diningtable 0.7774 162 257 305 496
diningtable 0.3900 172 250 273 389
diningtable 0.0397 178 346 288 523
person 0.9977 7 312 71 481
person 0.9934 201 219 232 264
person 0.0584 255 236 292 303
person 0.0529 231 218 288 404
person 0.0320 291 191 368 499
pottedplant 0.0661 3 7 51 101
sofa 0.0251 196 195 317 424
