person 0.0452 259 206 508 405
pottedplant 0.9980 84 64 187 223
pottedplant 0.9972 169 121 292 212
pottedplant 0.9853 348 42 479 171
pottedplant 0.9781 53 121 184 330
pottedplant 0.9355 275 0 401 187
pottedplant 0.9281 140 221 285 339
pottedplant 0.6060 216 329 306 403
pottedplant 0.4842 263 209 375 326
pottedplant 0.4764 372 226 492 378
pottedplant 0.4699 151 10 300 109
pottedplant 0.3935 69 187 282 344
pottedplant 0.3397 315 311 483 398
pottedplant 0.2226 87 -5 184 123
pottedplant 0.1455 319 260 466 385
pottedplant 0.0692 272 193 410 376
pottedplant 0.0657 126 197 459 369
pottedplant 0.0308 307 54 472 355
