cat 0.6679 204 201 307 347
cat 0.1740 210 180 487 362
person 0.9995 182 29 303 269
person 0.9990 13 27 112 258
person 0.9987 323 0 492 301
person 0.9986 291 26 357 242
person 0.9972 69 28 131 231
person 0.9737 135 23 200 231
person 0.9156 250 29 321 237
person 0.7469 1 47 161 316
person 0.5781 253 16 372 254
person 0.4868 0 149 437 364
person 0.3889 22 43 334 333
person 0.3831 -1 35 32 218
person 0.2745 418 7 498 258
person 0.2420 138 24 262 262
person 0.1370 468 25 500 250
person 0.1157 277 157 498 359
person 0.0795 101 6 407 291
person 0.0265 172 91 494 349
