bird 0.9902 166 126 258 284
bird 0.9810 319 209 405 279
bird 0.8847 217 135 297 219
bird 0.7076 66 125 99 182
bird 0.5388 358 119 401 194
bird 0.2237 290 146 336 214
bird 0.2105 201 75 238 103
bird 0.1299 248 83 272 119
bird 0.0810 344 116 394 163
bird 0.0217 6 88 28 116
horse 0.7841 87 171 127 233
person 0.0467 64 110 96 171
sheep 0.8669 404 111 425 151
sheep 0.8514 144 132 177 172
sheep 0.8499 289 149 339 213
sheep 0.7473 93 96 115 133
sheep 0.7219 176 78 195 112
sheep 0.6146 25 89 50 122
sheep 0.4558 15 123 37 163
sheep 0.4500 139 81 157 114
sheep 0.4005 109 74 133 102
