chair 0.9565 121 236 275 460
chair 0.7014 69 230 181 475
chair 0.2093 4 258 103 468
chair 0.1700 82 236 230 414
chair 0.1511 288 181 362 448
chair 0.1476 37 213 144 462
chair 0.1406 324 292 359 473
chair 0.0994 155 244 258 388
chair 0.0509 328 145 358 241
diningtable 0.9141 37 230 357 479
diningtable 0.5528 5 244 215 477
diningtable 0.0390 64 242 300 396
person 0.1405 133 94 327 459
person 0.0830 273 113 360 463
person 0.0736 216 171 354 472
tvmonitor 0.0679 321 81 359 159
tvmonitor 0.0577 49 168 145 257
