cow 0.1172 229 150 406 276
dog 0.1129 108 158 282 326
dog 0.0265 248 141 419 275
horse 0.9959 44 133 286 328
horse 0.8738 200 144 397 283
person 0.9996 401 0 473 158
person 0.9992 0 -3 127 348
person 0.9974 404 38 500 295
person 0.9963 118 0 192 189
person 0.9936 214 -8 255 135
person 0.9709 357 61 419 143
person 0.5459 142 2 223 178
person 0.3635 176 3 227 156
person 0.3498 20 105 157 359
person 0.2377 279 28 359 155
person 0.1286 468 5 499 283
person 0.0843 101 0 159 158
person 0.0539 42 6 162 268
person 0.0295 56 19 248 254
