boat 0.0261 32 133 116 206
bus 0.9782 34 56 245 238
bus 0.1001 30 95 131 214
bus 0.0259 81 50 304 281
car 0.2854 31 80 188 213
car 0.0957 28 121 130 218
cat 0.8020 347 138 484 282
cow 0.4326 204 127 376 273
dog 0.5891 211 117 379 285
dog 0.3307 363 155 473 274
horse 0.4193 210 112 364 281
person 0.9989 109 99 162 276
person 0.8238 331 151 486 290
person 0.8115 226 116 447 287
person 0.7943 458 122 495 275
person 0.5660 427 115 500 284
person 0.0693 163 98 344 281
person 0.0368 274 103 386 259
person 0.0214 328 96 419 285
