horse 0.9240 234 190 435 340
horse 0.6852 117 171 237 345
person 0.9965 334 62 454 240
person 0.9863 206 68 303 215
person 0.9846 4 75 74 326
person 0.9751 69 104 160 293
person 0.7314 255 61 351 215
person 0.2671 64 50 188 327
person 0.2372 392 60 459 246
person 0.1784 28 75 137 333
person 0.1667 254 79 382 326
person 0.1370 119 19 272 255
person 0.0478 280 77 459 342
person 0.0395 224 64 346 293
person 0.0295 181 55 307 303
person 0.0228 173 72 402 242
sheep 0.9413 369 199 459 350
sheep 0.9348 444 200 504 345
sheep 0.9205 123 213 237 350
sheep 0.3821 409 189 493 340
