horse 0.9984 62 119 397 352
horse 0.9969 437 0 502 138
horse 0.1990 43 60 214 334
person 0.9996 305 8 364 155
person 0.9969 0 215 52 373
person 0.9928 384 10 444 127
person 0.9906 1 8 25 152
person 0.9498 354 0 401 154
person 0.9469 78 -5 149 166
person 0.9348 129 7 201 158
person 0.9103 169 305 363 378
person 0.7374 238 278 476 379
person 0.6007 308 -3 413 273
person 0.5817 292 159 378 338
person 0.3824 340 285 438 374
person 0.3271 319 4 426 156
person 0.2643 264 78 398 349
person 0.2379 91 -4 205 255
person 0.0566 186 146 464 364
