chair 0.6935 0 287 65 429
chair 0.6147 218 372 375 503
chair 0.4629 2 389 75 490
chair 0.0541 0 460 60 498
chair 0.0209 245 294 360 437
person 0.9359 0 230 69 420
person 0.4286 299 219 369 508
person 0.2174 0 219 34 426
person 0.1165 238 192 378 496
person 0.1104 3 247 124 411
person 0.0385 184 246 224 293
pottedplant 0.3208 65 277 166 406
pottedplant 0.1610 1 250 91 326
pottedplant 0.1385 113 295 171 405
pottedplant 0.1073 0 233 24 323
pottedplant 0.0888 38 261 96 324
sofa 0.0364 149 303 355 502
sofa 0.0285 236 302 370 447
