aeroplane 0.0865 489 142 500 176
aeroplane 0.0582 232 198 274 224
aeroplane 0.0410 488 155 500 188
aeroplane 0.0309 487 138 497 166
boat 0.9997 333 102 378 151
boat 0.9952 409 97 436 123
boat 0.9937 187 98 207 123
boat 0.9344 223 99 240 124
boat 0.7175 332 126 376 151
boat 0.6775 129 98 154 125
boat 0.6123 228 196 270 244
boat 0.5123 76 98 104 137
boat 0.2561 252 99 274 127
boat 0.1613 42 100 72 122
boat 0.1492 435 105 462 124
boat 0.1171 242 102 266 127
boat 0.0707 236 103 255 126
boat 0.0434 72 177 104 190
boat 0.0376 332 100 360 142
boat 0.0346 97 97 126 128
boat 0.0333 228 199 271 220
boat 0.0272 146 103 175 124
boat 0.0226 213 100 229 123
car 0.1366 491 147 499 184
