chair 0.5094 274 123 352 244
chair 0.4854 441 123 500 231
chair 0.2022 271 116 322 217
chair 0.0237 423 134 501 304
diningtable 0.2605 61 201 402 380
person 0.9979 281 124 445 375
person 0.9954 34 109 242 381
person 0.8776 374 181 504 375
person 0.7640 160 102 258 281
person 0.6126 14 204 183 381
person 0.2608 211 47 259 120
person 0.0994 97 108 224 327
person 0.0851 294 127 401 282
person 0.0549 185 40 262 240
person 0.0499 113 152 427 387
person 0.0274 116 101 191 237
person 0.0207 0 235 89 382
sofa 0.0839 218 123 488 355
