bus 0.9117 76 170 126 262
bus 0.8556 125 134 373 333
bus 0.1373 122 155 230 340
bus 0.0502 2 193 25 243
bus 0.0379 321 193 379 275
bus 0.0303 184 182 321 336
bus 0.0280 240 134 463 348
car 0.9908 479 249 500 313
car 0.8845 456 249 498 299
car 0.3940 1 196 24 248
car 0.1086 324 194 376 283
car 0.0437 415 234 483 299
car 0.0237 208 201 350 336
person 0.9987 417 203 466 344
person 0.9881 14 207 38 264
train 0.4784 80 143 344 323
train 0.1518 215 208 306 318
train 0.1044 323 191 383 278
train 0.0416 326 145 496 295
