car 0.0702 460 164 480 215
chair 0.8005 201 79 315 217
chair 0.0850 233 84 366 215
chair 0.0245 299 92 386 212
person 0.0370 28 146 349 360
person 0.0351 185 172 459 361
pottedplant 0.9955 253 39 378 121
pottedplant 0.9795 63 211 472 352
pottedplant 0.9250 328 239 480 358
pottedplant 0.7675 76 162 148 257
pottedplant 0.7112 248 212 397 353
pottedplant 0.6837 0 204 58 287
pottedplant 0.5894 16 227 156 352
pottedplant 0.5133 2 133 82 279
pottedplant 0.3256 342 126 422 203
pottedplant 0.2416 35 26 164 261
pottedplant 0.0444 252 32 398 191
pottedplant 0.0223 0 234 54 340
