bicycle 0.6561 29 -4 353 345
bicycle 0.1762 9 192 360 490
bird 0.3047 -5 169 286 491
car 0.4085 10 23 360 418
chair 0.9267 131 194 376 503
chair 0.3955 7 14 276 500
chair 0.1548 180 15 375 267
chair 0.0369 10 238 276 479
chair 0.0277 35 1 249 249
person 0.4984 25 155 322 496
person 0.1212 4 25 286 406
person 0.0346 56 0 266 218
pottedplant 0.8002 237 -2 359 68
pottedplant 0.3305 195 1 373 95
pottedplant 0.1315 160 0 233 61
pottedplant 0.1102 299 0 372 61
pottedplant 0.0823 220 0 379 198
pottedplant 0.0370 120 5 372 238
