aeroplane 0.9014 311 138 336 160
aeroplane 0.8297 248 119 274 141
aeroplane 0.8100 294 142 337 167
aeroplane 0.7882 316 69 338 86
aeroplane 0.7470 295 109 321 135
aeroplane 0.4961 304 86 331 109
aeroplane 0.4841 295 123 324 145
aeroplane 0.3877 266 117 294 138
aeroplane 0.2466 276 114 303 136
aeroplane 0.2269 302 127 331 149
aeroplane 0.1823 280 112 318 140
aeroplane 0.1587 297 130 324 154
aeroplane 0.1121 308 83 335 103
aeroplane 0.0838 308 131 335 155
aeroplane 0.0721 293 102 316 122
aeroplane 0.0630 300 97 325 117
aeroplane 0.0491 303 120 329 141
aeroplane 0.0482 285 126 312 152
aeroplane 0.0358 299 104 326 128
aeroplane 0.0326 246 117 267 135
aeroplane 0.0307 253 122 285 149
