bottle 0.9986 69 194 114 321
bottle 0.9934 220 19 270 154
bottle 0.9866 371 186 416 327
bottle 0.9792 414 187 463 321
bottle 0.9458 117 198 164 316
bottle 0.9406 216 188 262 324
bottle 0.9344 17 4 78 179
bottle 0.8857 55 189 319 318
bottle 0.8500 267 184 309 312
bottle 0.8335 208 18 482 154
bottle 0.8202 19 181 70 323
bottle 0.8160 315 189 362 319
bottle 0.8044 165 191 214 317
bottle 0.6056 368 20 428 93
bottle 0.0907 27 12 189 164
bottle 0.0732 176 182 379 317
bottle 0.0673 250 181 455 317
bottle 0.0224 409 8 477 163
