chair 0.1100 18 305 118 372
chair 0.0382 -4 296 72 378
diningtable 0.8822 0 190 542 373
diningtable 0.0517 -21 208 293 378
diningtable 0.0254 190 217 506 366
person 0.9979 358 94 500 287
person 0.9899 10 119 108 259
person 0.9866 232 120 315 229
person 0.8954 288 121 371 234
person 0.7510 134 136 244 231
person 0.7167 0 125 63 282
person 0.6581 25 118 317 253
person 0.3949 98 130 159 219
person 0.2250 27 127 156 244
person 0.1247 34 288 343 374
person 0.0904 154 123 421 281
person 0.0503 252 111 408 246
person 0.0412 1 123 194 337
person 0.0372 0 106 94 359
person 0.0218 149 123 266 269
