chair 0.9976 286 168 397 307
chair 0.8742 375 151 460 285
chair 0.7433 96 145 178 286
chair 0.1719 148 160 263 310
chair 0.0254 350 172 483 339
dog 0.0976 435 214 503 375
person 0.9599 316 116 386 238
person 0.9571 189 109 267 273
person 0.7849 278 107 403 312
person 0.7610 101 113 165 286
person 0.4367 439 206 500 369
person 0.3764 242 208 512 376
person 0.3741 334 114 408 217
person 0.2207 120 103 194 287
person 0.1326 474 121 499 328
pottedplant 0.9967 233 61 331 171
pottedplant 0.8839 0 28 103 254
sofa 0.3717 131 105 285 301
sofa 0.2168 93 126 224 285
sofa 0.0294 260 170 488 343
sofa 0.0217 166 258 517 374
